L:
2.000e-02	0.000e+00	0.000e+00	0.000e+00	0.000e+00	0.000e+00	0.000e+00	0.000e+00	0.000e+00	0.000e+00	0.000e+00	0.000e+00	0.000e+00	0.000e+00	0.000e+00	0.000e+00	0.000e+00	0.000e+00	0.000e+00	0.000e+00	0.000e+00	0.000e+00	0.000e+00	0.000e+00	0.000e+00	0.000e+00	0.000e+00	0.000e+00	0.000e+00	0.000e+00	0.000e+00	0.000e+00	0.000e+00	0.000e+00	0.000e+00	0.000e+00	0.000e+00	0.000e+00	0.000e+00	0.000e+00	0.000e+00	0.000e+00	0.000e+00	0.000e+00	0.000e+00	0.000e+00	0.000e+00	0.000e+00	0.000e+00	0.000e+00	
1.010e-02	-1.031e-04	0.000e+00	0.000e+00	0.000e+00	0.000e+00	0.000e+00	0.000e+00	0.000e+00	0.000e+00	0.000e+00	0.000e+00	0.000e+00	0.000e+00	0.000e+00	0.000e+00	0.000e+00	0.000e+00	0.000e+00	0.000e+00	0.000e+00	0.000e+00	0.000e+00	0.000e+00	0.000e+00	0.000e+00	0.000e+00	0.000e+00	0.000e+00	0.000e+00	0.000e+00	0.000e+00	0.000e+00	0.000e+00	0.000e+00	0.000e+00	0.000e+00	0.000e+00	0.000e+00	0.000e+00	0.000e+00	0.000e+00	0.000e+00	0.000e+00	0.000e+00	0.000e+00	0.000e+00	0.000e+00	0.000e+00	0.000e+00	
1.587e-02	-6.792e-05	-8.437e-07	0.000e+00	0.000e+00	0.000e+00	0.000e+00	0.000e+00	0.000e+00	0.000e+00	0.000e+00	0.000e+00	0.000e+00	0.000e+00	0.000e+00	0.000e+00	0.000e+00	0.000e+00	0.000e+00	0.000e+00	0.000e+00	0.000e+00	0.000e+00	0.000e+00	0.000e+00	0.000e+00	0.000e+00	0.000e+00	0.000e+00	0.000e+00	0.000e+00	0.000e+00	0.000e+00	0.000e+00	0.000e+00	0.000e+00	0.000e+00	0.000e+00	0.000e+00	0.000e+00	0.000e+00	0.000e+00	0.000e+00	0.000e+00	0.000e+00	0.000e+00	0.000e+00	0.000e+00	0.000e+00	0.000e+00	
1.282e-02	-9.514e-05	-5.533e-07	5.710e-09	0.000e+00	0.000e+00	0.000e+00	0.000e+00	0.000e+00	0.000e+00	0.000e+00	0.000e+00	0.000e+00	0.000e+00	0.000e+00	0.000e+00	0.000e+00	0.000e+00	0.000e+00	0.000e+00	0.000e+00	0.000e+00	0.000e+00	0.000e+00	0.000e+00	0.000e+00	0.000e+00	0.000e+00	0.000e+00	0.000e+00	0.000e+00	0.000e+00	0.000e+00	0.000e+00	0.000e+00	0.000e+00	0.000e+00	0.000e+00	0.000e+00	0.000e+00	0.000e+00	0.000e+00	0.000e+00	0.000e+00	0.000e+00	0.000e+00	0.000e+00	0.000e+00	0.000e+00	0.000e+00	
1.852e-02	-2.852e-05	-5.195e-07	-4.730e-09	-1.289e-10	0.000e+00	0.000e+00	0.000e+00	0.000e+00	0.000e+00	0.000e+00	0.000e+00	0.000e+00	0.000e+00	0.000e+00	0.000e+00	0.000e+00	0.000e+00	0.000e+00	0.000e+00	0.000e+00	0.000e+00	0.000e+00	0.000e+00	0.000e+00	0.000e+00	0.000e+00	0.000e+00	0.000e+00	0.000e+00	0.000e+00	0.000e+00	0.000e+00	0.000e+00	0.000e+00	0.000e+00	0.000e+00	0.000e+00	0.000e+00	0.000e+00	0.000e+00	0.000e+00	0.000e+00	0.000e+00	0.000e+00	0.000e+00	0.000e+00	0.000e+00	0.000e+00	0.000e+00	
1.111e-02	-1.019e-04	-2.194e-07	3.513e-09	-2.782e-11	1.281e-12	0.000e+00	0.000e+00	0.000e+00	0.000e+00	0.000e+00	0.000e+00	0.000e+00	0.000e+00	0.000e+00	0.000e+00	0.000e+00	0.000e+00	0.000e+00	0.000e+00	0.000e+00	0.000e+00	0.000e+00	0.000e+00	0.000e+00	0.000e+00	0.000e+00	0.000e+00	0.000e+00	0.000e+00	0.000e+00	0.000e+00	0.000e+00	0.000e+00	0.000e+00	0.000e+00	0.000e+00	0.000e+00	0.000e+00	0.000e+00	0.000e+00	0.000e+00	0.000e+00	0.000e+00	0.000e+00	0.000e+00	0.000e+00	0.000e+00	0.000e+00	0.000e+00	
1.961e-02	-8.003e-06	-1.650e-07	-2.129e-09	-6.940e-11	-4.920e-13	-3.313e-14	0.000e+00	0.000e+00	0.000e+00	0.000e+00	0.000e+00	0.000e+00	0.000e+00	0.000e+00	0.000e+00	0.000e+00	0.000e+00	0.000e+00	0.000e+00	0.000e+00	0.000e+00	0.000e+00	0.000e+00	0.000e+00	0.000e+00	0.000e+00	0.000e+00	0.000e+00	0.000e+00	0.000e+00	0.000e+00	0.000e+00	0.000e+00	0.000e+00	0.000e+00	0.000e+00	0.000e+00	0.000e+00	0.000e+00	0.000e+00	0.000e+00	0.000e+00	0.000e+00	0.000e+00	0.000e+00	0.000e+00	0.000e+00	0.000e+00	0.000e+00	
1.408e-02	-8.623e-05	-7.365e-07	4.471e-09	2.651e-11	-7.423e-13	-1.687e-14	9.819e-16	0.000e+00	0.000e+00	0.000e+00	0.000e+00	0.000e+00	0.000e+00	0.000e+00	0.000e+00	0.000e+00	0.000e+00	0.000e+00	0.000e+00	0.000e+00	0.000e+00	0.000e+00	0.000e+00	0.000e+00	0.000e+00	0.000e+00	0.000e+00	0.000e+00	0.000e+00	0.000e+00	0.000e+00	0.000e+00	0.000e+00	0.000e+00	0.000e+00	0.000e+00	0.000e+00	0.000e+00	0.000e+00	0.000e+00	0.000e+00	0.000e+00	0.000e+00	0.000e+00	0.000e+00	0.000e+00	0.000e+00	0.000e+00	0.000e+00	
1.786e-02	-3.976e-05	-6.663e-07	-4.541e-09	-1.090e-10	4.648e-13	2.465e-14	-7.980e-16	9.055e-16	0.000e+00	0.000e+00	0.000e+00	0.000e+00	0.000e+00	0.000e+00	0.000e+00	0.000e+00	0.000e+00	0.000e+00	0.000e+00	0.000e+00	0.000e+00	0.000e+00	0.000e+00	0.000e+00	0.000e+00	0.000e+00	0.000e+00	0.000e+00	0.000e+00	0.000e+00	0.000e+00	0.000e+00	0.000e+00	0.000e+00	0.000e+00	0.000e+00	0.000e+00	0.000e+00	0.000e+00	0.000e+00	0.000e+00	0.000e+00	0.000e+00	0.000e+00	0.000e+00	0.000e+00	0.000e+00	0.000e+00	0.000e+00	
1.220e-02	-9.832e-05	-4.398e-07	5.457e-09	-1.588e-11	6.278e-13	5.213e-15	-4.424e-16	-1.527e-16	4.944e-16	0.000e+00	0.000e+00	0.000e+00	0.000e+00	0.000e+00	0.000e+00	0.000e+00	0.000e+00	0.000e+00	0.000e+00	0.000e+00	0.000e+00	0.000e+00	0.000e+00	0.000e+00	0.000e+00	0.000e+00	0.000e+00	0.000e+00	0.000e+00	0.000e+00	0.000e+00	0.000e+00	0.000e+00	0.000e+00	0.000e+00	0.000e+00	0.000e+00	0.000e+00	0.000e+00	0.000e+00	0.000e+00	0.000e+00	0.000e+00	0.000e+00	0.000e+00	0.000e+00	0.000e+00	0.000e+00	0.000e+00	
1.754e-02	-4.475e-05	-7.193e-07	-4.124e-09	-9.274e-11	5.816e-13	2.918e-14	-4.892e-16	-4.163e-16	-4.163e-17	-6.939e-16	0.000e+00	0.000e+00	0.000e+00	0.000e+00	0.000e+00	0.000e+00	0.000e+00	0.000e+00	0.000e+00	0.000e+00	0.000e+00	0.000e+00	0.000e+00	0.000e+00	0.000e+00	0.000e+00	0.000e+00	0.000e+00	0.000e+00	0.000e+00	0.000e+00	0.000e+00	0.000e+00	0.000e+00	0.000e+00	0.000e+00	0.000e+00	0.000e+00	0.000e+00	0.000e+00	0.000e+00	0.000e+00	0.000e+00	0.000e+00	0.000e+00	0.000e+00	0.000e+00	0.000e+00	0.000e+00	
1.370e-02	-8.931e-05	-6.883e-07	5.074e-09	2.087e-11	-6.338e-13	-1.243e-14	5.690e-16	4.944e-16	6.592e-17	3.539e-16	-2.151e-16	0.000e+00	0.000e+00	0.000e+00	0.000e+00	0.000e+00	0.000e+00	0.000e+00	0.000e+00	0.000e+00	0.000e+00	0.000e+00	0.000e+00	0.000e+00	0.000e+00	0.000e+00	0.000e+00	0.000e+00	0.000e+00	0.000e+00	0.000e+00	0.000e+00	0.000e+00	0.000e+00	0.000e+00	0.000e+00	0.000e+00	0.000e+00	0.000e+00	0.000e+00	0.000e+00	0.000e+00	0.000e+00	0.000e+00	0.000e+00	0.000e+00	0.000e+00	0.000e+00	0.000e+00	
1.099e-02	-1.022e-04	-1.933e-07	3.173e-09	-2.691e-11	1.259e-12	-1.192e-15	2.290e-16	-3.053e-16	-1.665e-16	5.204e-18	6.245e-17	-3.070e-16	0.000e+00	0.000e+00	0.000e+00	0.000e+00	0.000e+00	0.000e+00	0.000e+00	0.000e+00	0.000e+00	0.000e+00	0.000e+00	0.000e+00	0.000e+00	0.000e+00	0.000e+00	0.000e+00	0.000e+00	0.000e+00	0.000e+00	0.000e+00	0.000e+00	0.000e+00	0.000e+00	0.000e+00	0.000e+00	0.000e+00	0.000e+00	0.000e+00	0.000e+00	0.000e+00	0.000e+00	0.000e+00	0.000e+00	0.000e+00	0.000e+00	0.000e+00	0.000e+00	
1.562e-02	-7.086e-05	-8.420e-07	7.122e-10	9.431e-12	-1.737e-13	-6.210e-15	6.072e-16	-7.494e-16	-2.082e-16	-5.274e-16	1.006e-16	6.939e-17	3.747e-16	0.000e+00	0.000e+00	0.000e+00	0.000e+00	0.000e+00	0.000e+00	0.000e+00	0.000e+00	0.000e+00	0.000e+00	0.000e+00	0.000e+00	0.000e+00	0.000e+00	0.000e+00	0.000e+00	0.000e+00	0.000e+00	0.000e+00	0.000e+00	0.000e+00	0.000e+00	0.000e+00	0.000e+00	0.000e+00	0.000e+00	0.000e+00	0.000e+00	0.000e+00	0.000e+00	0.000e+00	0.000e+00	0.000e+00	0.000e+00	0.000e+00	0.000e+00	
1.724e-02	-4.938e-05	-7.610e-07	-3.570e-09	-7.504e-11	6.157e-13	2.939e-14	-7.772e-16	3.331e-16	-4.372e-16	-3.296e-16	-1.596e-16	2.567e-16	1.978e-16	-7.494e-16	0.000e+00	0.000e+00	0.000e+00	0.000e+00	0.000e+00	0.000e+00	0.000e+00	0.000e+00	0.000e+00	0.000e+00	0.000e+00	0.000e+00	0.000e+00	0.000e+00	0.000e+00	0.000e+00	0.000e+00	0.000e+00	0.000e+00	0.000e+00	0.000e+00	0.000e+00	0.000e+00	0.000e+00	0.000e+00	0.000e+00	0.000e+00	0.000e+00	0.000e+00	0.000e+00	0.000e+00	0.000e+00	0.000e+00	0.000e+00	0.000e+00	
1.667e-02	-5.765e-05	-8.159e-07	-2.216e-09	-4.042e-11	4.793e-13	2.071e-14	-6.939e-16	4.510e-17	1.388e-16	-2.984e-16	-1.631e-16	-7.980e-17	1.769e-16	1.631e-16	5.447e-16	0.000e+00	0.000e+00	0.000e+00	0.000e+00	0.000e+00	0.000e+00	0.000e+00	0.000e+00	0.000e+00	0.000e+00	0.000e+00	0.000e+00	0.000e+00	0.000e+00	0.000e+00	0.000e+00	0.000e+00	0.000e+00	0.000e+00	0.000e+00	0.000e+00	0.000e+00	0.000e+00	0.000e+00	0.000e+00	0.000e+00	0.000e+00	0.000e+00	0.000e+00	0.000e+00	0.000e+00	0.000e+00	0.000e+00	0.000e+00	
1.639e-02	-6.134e-05	-8.315e-07	-1.479e-09	-2.504e-11	3.403e-13	1.387e-14	-3.088e-16	-3.504e-16	-2.429e-16	-3.678e-16	1.388e-16	-6.245e-17	-3.123e-17	-3.123e-16	-2.498e-16	2.984e-16	0.000e+00	0.000e+00	0.000e+00	0.000e+00	0.000e+00	0.000e+00	0.000e+00	0.000e+00	0.000e+00	0.000e+00	0.000e+00	0.000e+00	0.000e+00	0.000e+00	0.000e+00	0.000e+00	0.000e+00	0.000e+00	0.000e+00	0.000e+00	0.000e+00	0.000e+00	0.000e+00	0.000e+00	0.000e+00	0.000e+00	0.000e+00	0.000e+00	0.000e+00	0.000e+00	0.000e+00	0.000e+00	0.000e+00	
1.923e-02	-1.539e-05	-3.045e-07	-3.527e-09	-1.084e-10	-5.016e-13	-3.210e-14	-3.469e-18	8.327e-17	4.545e-16	3.331e-16	-1.006e-16	-2.220e-16	-6.592e-17	3.365e-16	3.712e-16	2.220e-16	2.637e-16	0.000e+00	0.000e+00	0.000e+00	0.000e+00	0.000e+00	0.000e+00	0.000e+00	0.000e+00	0.000e+00	0.000e+00	0.000e+00	0.000e+00	0.000e+00	0.000e+00	0.000e+00	0.000e+00	0.000e+00	0.000e+00	0.000e+00	0.000e+00	0.000e+00	0.000e+00	0.000e+00	0.000e+00	0.000e+00	0.000e+00	0.000e+00	0.000e+00	0.000e+00	0.000e+00	0.000e+00	0.000e+00	
1.538e-02	-7.359e-05	-8.359e-07	1.391e-09	1.683e-11	-3.354e-13	-1.099e-14	2.845e-16	5.621e-16	1.110e-16	2.255e-16	4.163e-17	4.857e-17	-1.076e-16	5.412e-16	7.286e-17	2.186e-16	-1.006e-16	-6.176e-16	0.000e+00	0.000e+00	0.000e+00	0.000e+00	0.000e+00	0.000e+00	0.000e+00	0.000e+00	0.000e+00	0.000e+00	0.000e+00	0.000e+00	0.000e+00	0.000e+00	0.000e+00	0.000e+00	0.000e+00	0.000e+00	0.000e+00	0.000e+00	0.000e+00	0.000e+00	0.000e+00	0.000e+00	0.000e+00	0.000e+00	0.000e+00	0.000e+00	0.000e+00	0.000e+00	0.000e+00	
1.053e-02	-1.028e-04	-9.310e-08	1.671e-09	-1.772e-11	8.773e-13	-3.806e-15	2.619e-16	2.689e-16	-1.041e-16	3.123e-17	7.980e-17	-2.082e-16	-2.151e-16	5.222e-16	-1.492e-16	2.203e-16	1.475e-16	1.006e-16	6.037e-16	0.000e+00	0.000e+00	0.000e+00	0.000e+00	0.000e+00	0.000e+00	0.000e+00	0.000e+00	0.000e+00	0.000e+00	0.000e+00	0.000e+00	0.000e+00	0.000e+00	0.000e+00	0.000e+00	0.000e+00	0.000e+00	0.000e+00	0.000e+00	0.000e+00	0.000e+00	0.000e+00	0.000e+00	0.000e+00	0.000e+00	0.000e+00	0.000e+00	0.000e+00	0.000e+00	
1.389e-02	-8.783e-05	-7.130e-07	4.799e-09	2.403e-11	-7.018e-13	-1.486e-14	8.396e-16	7.980e-17	1.318e-16	1.388e-17	-2.429e-17	-1.631e-16	1.180e-16	4.441e-16	2.429e-17	-1.041e-17	-1.457e-16	-2.116e-16	4.233e-16	4.163e-16	0.000e+00	0.000e+00	0.000e+00	0.000e+00	0.000e+00	0.000e+00	0.000e+00	0.000e+00	0.000e+00	0.000e+00	0.000e+00	0.000e+00	0.000e+00	0.000e+00	0.000e+00	0.000e+00	0.000e+00	0.000e+00	0.000e+00	0.000e+00	0.000e+00	0.000e+00	0.000e+00	0.000e+00	0.000e+00	0.000e+00	0.000e+00	0.000e+00	0.000e+00	
1.471e-02	-8.063e-05	-7.971e-07	3.164e-09	2.806e-11	-6.777e-13	-1.859e-14	6.349e-16	8.223e-16	2.741e-16	2.671e-16	-1.388e-17	7.286e-17	1.249e-16	4.545e-16	2.429e-16	-7.633e-17	-1.388e-16	-6.939e-18	1.076e-16	5.204e-17	-5.655e-16	0.000e+00	0.000e+00	0.000e+00	0.000e+00	0.000e+00	0.000e+00	0.000e+00	0.000e+00	0.000e+00	0.000e+00	0.000e+00	0.000e+00	0.000e+00	0.000e+00	0.000e+00	0.000e+00	0.000e+00	0.000e+00	0.000e+00	0.000e+00	0.000e+00	0.000e+00	0.000e+00	0.000e+00	0.000e+00	0.000e+00	0.000e+00	0.000e+00	
1.250e-02	-9.687e-05	-4.967e-07	5.658e-09	-8.451e-12	3.184e-13	3.315e-15	-1.440e-16	-2.377e-16	-9.368e-17	-7.112e-17	1.683e-16	-1.301e-16	9.021e-17	-1.475e-16	-1.839e-16	-1.353e-16	2.429e-17	5.204e-17	9.714e-17	1.769e-16	7.633e-17	5.482e-16	0.000e+00	0.000e+00	0.000e+00	0.000e+00	0.000e+00	0.000e+00	0.000e+00	0.000e+00	0.000e+00	0.000e+00	0.000e+00	0.000e+00	0.000e+00	0.000e+00	0.000e+00	0.000e+00	0.000e+00	0.000e+00	0.000e+00	0.000e+00	0.000e+00	0.000e+00	0.000e+00	0.000e+00	0.000e+00	0.000e+00	0.000e+00	
1.613e-02	-6.475e-05	-8.405e-07	-7.350e-10	-1.151e-11	1.756e-13	6.703e-15	-4.857e-17	-2.984e-16	-3.643e-16	-4.059e-16	6.245e-17	2.290e-16	-4.163e-17	-2.776e-17	-1.596e-16	1.839e-16	5.898e-17	-1.700e-16	-2.429e-17	-2.845e-16	-3.469e-17	-6.939e-18	6.939e-16	0.000e+00	0.000e+00	0.000e+00	0.000e+00	0.000e+00	0.000e+00	0.000e+00	0.000e+00	0.000e+00	0.000e+00	0.000e+00	0.000e+00	0.000e+00	0.000e+00	0.000e+00	0.000e+00	0.000e+00	0.000e+00	0.000e+00	0.000e+00	0.000e+00	0.000e+00	0.000e+00	0.000e+00	0.000e+00	0.000e+00	
1.887e-02	-2.221e-05	-4.217e-07	-4.352e-09	-1.260e-10	-2.854e-13	-1.748e-14	2.151e-16	-1.908e-16	6.939e-18	3.469e-18	7.286e-17	-4.163e-17	2.082e-17	5.204e-17	3.574e-16	-2.082e-16	1.041e-16	5.621e-16	-1.318e-16	-1.388e-16	-2.082e-16	2.776e-17	-3.469e-16	6.245e-16	0.000e+00	0.000e+00	0.000e+00	0.000e+00	0.000e+00	0.000e+00	0.000e+00	0.000e+00	0.000e+00	0.000e+00	0.000e+00	0.000e+00	0.000e+00	0.000e+00	0.000e+00	0.000e+00	0.000e+00	0.000e+00	0.000e+00	0.000e+00	0.000e+00	0.000e+00	0.000e+00	0.000e+00	0.000e+00	
1.176e-02	-1.000e-04	-3.552e-07	4.917e-09	-2.412e-11	1.016e-12	4.970e-15	-2.637e-16	-3.903e-16	-4.337e-17	4.857e-17	1.041e-16	-7.112e-17	-1.023e-16	-3.070e-16	-1.475e-16	-6.765e-17	-2.012e-16	-3.296e-16	-3.608e-16	7.459e-17	1.110e-16	1.180e-16	3.469e-18	-3.435e-16	1.124e-15	0.000e+00	0.000e+00	0.000e+00	0.000e+00	0.000e+00	0.000e+00	0.000e+00	0.000e+00	0.000e+00	0.000e+00	0.000e+00	0.000e+00	0.000e+00	0.000e+00	0.000e+00	0.000e+00	0.000e+00	0.000e+00	0.000e+00	0.000e+00	0.000e+00	0.000e+00	0.000e+00	0.000e+00	
1.493e-02	-7.846e-05	-8.130e-07	2.622e-09	2.598e-11	-5.921e-13	-1.739e-14	9.368e-16	-1.388e-16	-1.457e-16	1.214e-16	1.180e-16	-1.388e-16	-8.327e-17	1.943e-16	-2.949e-16	-8.674e-17	-6.592e-17	-3.504e-16	5.898e-17	3.469e-18	2.810e-16	5.204e-16	3.816e-16	2.463e-16	-7.182e-16	1.759e-15	0.000e+00	0.000e+00	0.000e+00	0.000e+00	0.000e+00	0.000e+00	0.000e+00	0.000e+00	0.000e+00	0.000e+00	0.000e+00	0.000e+00	0.000e+00	0.000e+00	0.000e+00	0.000e+00	0.000e+00	0.000e+00	0.000e+00	0.000e+00	0.000e+00	0.000e+00	0.000e+00	
1.333e-02	-9.193e-05	-6.361e-07	5.470e-09	1.312e-11	-4.278e-13	-7.142e-15	2.238e-16	5.759e-16	1.960e-16	2.082e-16	-1.284e-16	8.674e-17	-6.939e-17	1.596e-16	1.145e-16	2.567e-16	-1.284e-16	-4.892e-16	4.823e-16	1.318e-16	-1.041e-16	-1.596e-16	-1.422e-16	2.151e-16	-1.527e-16	-1.596e-16	-9.229e-16	0.000e+00	0.000e+00	0.000e+00	0.000e+00	0.000e+00	0.000e+00	0.000e+00	0.000e+00	0.000e+00	0.000e+00	0.000e+00	0.000e+00	0.000e+00	0.000e+00	0.000e+00	0.000e+00	0.000e+00	0.000e+00	0.000e+00	0.000e+00	0.000e+00	0.000e+00	
1.075e-02	-1.026e-04	-1.423e-07	2.448e-09	-2.342e-11	1.128e-12	-3.084e-15	4.059e-16	-2.186e-16	-3.678e-16	-2.255e-17	1.076e-16	-2.446e-16	-2.671e-16	1.457e-16	-1.197e-16	1.908e-16	-7.112e-17	-1.874e-16	8.327e-17	1.527e-16	1.353e-16	-1.648e-16	-4.614e-16	-2.897e-16	8.240e-16	-8.066e-16	2.012e-16	6.817e-16	0.000e+00	0.000e+00	0.000e+00	0.000e+00	0.000e+00	0.000e+00	0.000e+00	0.000e+00	0.000e+00	0.000e+00	0.000e+00	0.000e+00	0.000e+00	0.000e+00	0.000e+00	0.000e+00	0.000e+00	0.000e+00	0.000e+00	0.000e+00	0.000e+00	
1.316e-02	-9.309e-05	-6.090e-07	5.596e-09	8.822e-12	-2.972e-13	-4.573e-15	2.429e-16	6.072e-17	1.318e-16	1.769e-16	-9.368e-17	-1.839e-16	5.551e-17	-1.700e-16	1.353e-16	7.980e-17	-1.041e-17	-1.318e-16	1.735e-16	2.047e-16	6.939e-18	9.021e-17	-5.621e-16	-2.914e-16	5.378e-16	-3.504e-16	-1.874e-16	-3.123e-16	-9.819e-16	0.000e+00	0.000e+00	0.000e+00	0.000e+00	0.000e+00	0.000e+00	0.000e+00	0.000e+00	0.000e+00	0.000e+00	0.000e+00	0.000e+00	0.000e+00	0.000e+00	0.000e+00	0.000e+00	0.000e+00	0.000e+00	0.000e+00	0.000e+00	
1.299e-02	-9.416e-05	-5.814e-07	5.675e-09	4.412e-12	-1.532e-13	-2.149e-15	1.422e-16	-5.725e-17	0.000e+00	1.648e-16	7.459e-17	-2.689e-16	-9.368e-17	-2.116e-16	1.041e-17	-1.561e-16	-1.145e-16	2.880e-16	-3.469e-18	1.631e-16	-2.984e-16	1.700e-16	-5.690e-16	-3.469e-17	5.239e-16	-3.955e-16	1.457e-16	-5.100e-16	-2.186e-16	9.957e-16	0.000e+00	0.000e+00	0.000e+00	0.000e+00	0.000e+00	0.000e+00	0.000e+00	0.000e+00	0.000e+00	0.000e+00	0.000e+00	0.000e+00	0.000e+00	0.000e+00	0.000e+00	0.000e+00	0.000e+00	0.000e+00	0.000e+00	
1.695e-02	-5.367e-05	-7.928e-07	-2.922e-09	-5.729e-11	5.767e-13	2.613e-14	-6.418e-16	-4.510e-17	-4.302e-16	-4.927e-16	6.939e-18	1.839e-16	-2.429e-17	-3.261e-16	-2.914e-16	6.245e-17	-2.776e-17	-9.021e-17	2.151e-16	7.980e-17	4.476e-16	2.082e-16	1.076e-16	6.141e-16	-4.163e-16	4.198e-16	1.457e-16	-5.551e-17	8.604e-16	-4.163e-16	2.810e-15	0.000e+00	0.000e+00	0.000e+00	0.000e+00	0.000e+00	0.000e+00	0.000e+00	0.000e+00	0.000e+00	0.000e+00	0.000e+00	0.000e+00	0.000e+00	0.000e+00	0.000e+00	0.000e+00	0.000e+00	0.000e+00	
1.515e-02	-7.611e-05	-8.261e-07	2.030e-09	2.230e-11	-4.767e-13	-1.488e-14	7.355e-16	1.110e-16	-2.706e-16	2.429e-17	1.422e-16	-1.041e-17	2.810e-16	-6.939e-17	-2.047e-16	-6.592e-17	-3.123e-17	2.082e-17	6.592e-17	-3.816e-17	-2.776e-16	9.021e-17	3.816e-16	1.596e-16	-2.394e-16	2.637e-16	-2.047e-16	-4.233e-16	5.482e-16	9.923e-16	-1.769e-15	-1.939e-15	0.000e+00	0.000e+00	0.000e+00	0.000e+00	0.000e+00	0.000e+00	0.000e+00	0.000e+00	0.000e+00	0.000e+00	0.000e+00	0.000e+00	0.000e+00	0.000e+00	0.000e+00	0.000e+00	0.000e+00	
1.449e-02	-8.264e-05	-7.789e-07	3.653e-09	2.871e-11	-7.314e-13	-1.889e-14	7.876e-16	6.210e-16	9.021e-17	3.053e-16	-8.327e-17	4.510e-17	1.665e-16	7.980e-17	8.674e-17	0.000e+00	-1.735e-16	-3.955e-16	2.151e-16	4.025e-16	3.469e-17	2.394e-16	-4.927e-16	-2.255e-16	3.608e-16	2.082e-17	-7.286e-17	2.047e-16	-5.967e-16	1.839e-16	4.163e-16	-8.500e-16	-1.454e-15	0.000e+00	0.000e+00	0.000e+00	0.000e+00	0.000e+00	0.000e+00	0.000e+00	0.000e+00	0.000e+00	0.000e+00	0.000e+00	0.000e+00	0.000e+00	0.000e+00	0.000e+00	0.000e+00	
1.124e-02	-1.016e-04	-2.459e-07	3.835e-09	-2.817e-11	1.276e-12	1.185e-15	-4.337e-17	-1.683e-16	-2.082e-17	-3.469e-17	1.804e-16	-1.353e-16	-1.856e-16	2.481e-16	-2.776e-16	4.857e-17	-2.429e-17	-2.203e-16	8.500e-17	-1.197e-16	1.162e-16	4.215e-16	5.829e-16	3.053e-16	-3.608e-16	1.023e-15	-4.094e-16	4.233e-16	-7.702e-16	-2.602e-16	7.147e-16	5.898e-17	1.422e-16	-7.747e-15	0.000e+00	0.000e+00	0.000e+00	0.000e+00	0.000e+00	0.000e+00	0.000e+00	0.000e+00	0.000e+00	0.000e+00	0.000e+00	0.000e+00	0.000e+00	0.000e+00	0.000e+00	
1.429e-02	-8.451e-05	-7.586e-07	4.089e-09	2.813e-11	-7.527e-13	-1.828e-14	9.437e-16	2.914e-16	-1.908e-16	4.302e-16	-1.527e-16	-7.980e-17	-7.286e-17	-1.978e-16	1.978e-16	0.000e+00	-2.116e-16	-5.933e-16	-3.261e-16	1.839e-16	1.180e-16	-1.145e-16	-5.759e-16	-1.492e-16	2.220e-16	-4.649e-16	-3.469e-18	4.961e-16	5.100e-16	-3.469e-17	-8.500e-16	-1.544e-15	-1.069e-15	7.310e-15	4.604e-15	0.000e+00	0.000e+00	0.000e+00	0.000e+00	0.000e+00	0.000e+00	0.000e+00	0.000e+00	0.000e+00	0.000e+00	0.000e+00	0.000e+00	0.000e+00	0.000e+00	
1.087e-02	-1.024e-04	-1.676e-07	2.818e-09	-2.544e-11	1.208e-12	-2.193e-15	2.220e-16	-8.153e-17	-1.908e-17	-7.980e-17	7.980e-17	-2.134e-16	-1.631e-16	5.430e-16	1.214e-17	1.978e-16	3.990e-17	-1.752e-16	1.440e-16	9.541e-17	1.960e-16	-3.123e-17	-1.978e-16	2.429e-17	-2.602e-16	-3.227e-16	4.736e-16	4.684e-16	4.163e-17	-7.321e-16	2.293e-15	-8.084e-16	-1.041e-17	1.783e-15	-2.932e-15	-9.163e-15	0.000e+00	0.000e+00	0.000e+00	0.000e+00	0.000e+00	0.000e+00	0.000e+00	0.000e+00	0.000e+00	0.000e+00	0.000e+00	0.000e+00	0.000e+00	
1.818e-02	-3.436e-05	-6.004e-07	-4.765e-09	-1.220e-10	2.652e-13	1.465e-14	-8.327e-17	-2.533e-16	-3.018e-16	-1.978e-16	5.551e-17	-1.839e-16	1.284e-16	-3.990e-16	9.714e-17	-1.769e-16	-6.245e-17	0.000e+00	-3.053e-16	2.151e-16	1.596e-16	-9.368e-17	-5.274e-16	-5.967e-16	1.096e-15	-9.229e-16	1.249e-16	5.829e-16	-5.829e-16	-5.898e-16	-3.608e-16	-7.841e-16	1.367e-15	-2.331e-15	3.400e-16	2.789e-15	1.104e-14	0.000e+00	0.000e+00	0.000e+00	0.000e+00	0.000e+00	0.000e+00	0.000e+00	0.000e+00	0.000e+00	0.000e+00	0.000e+00	0.000e+00	
1.163e-02	-1.005e-04	-3.274e-07	4.681e-09	-2.592e-11	1.113e-12	4.332e-15	-3.712e-16	6.245e-17	3.469e-18	3.296e-17	1.527e-16	1.214e-17	5.725e-17	-1.006e-16	-1.527e-16	-1.353e-16	-5.204e-18	-1.041e-17	-1.926e-16	1.388e-17	2.151e-16	3.730e-16	2.394e-16	1.839e-16	-2.116e-16	3.331e-16	5.621e-16	-1.041e-17	2.429e-16	-9.576e-16	2.377e-15	1.575e-15	7.633e-16	-1.606e-15	1.752e-15	3.626e-15	3.355e-15	-1.070e-14	0.000e+00	0.000e+00	0.000e+00	0.000e+00	0.000e+00	0.000e+00	0.000e+00	0.000e+00	0.000e+00	0.000e+00	0.000e+00	
1.351e-02	-9.067e-05	-6.626e-07	5.297e-09	1.718e-11	-5.413e-13	-9.869e-15	5.655e-16	1.492e-16	-7.112e-17	2.585e-16	3.469e-18	-2.498e-16	-2.047e-16	1.735e-16	-9.021e-17	5.898e-17	-2.359e-16	-3.747e-16	1.388e-16	2.741e-16	1.700e-16	2.151e-16	-1.804e-16	-2.116e-16	9.714e-16	-3.469e-18	-1.180e-16	2.914e-16	-2.463e-16	7.459e-16	-6.870e-16	5.621e-16	8.882e-16	-3.705e-15	1.433e-15	2.425e-15	-9.694e-15	1.572e-15	-2.492e-14	0.000e+00	0.000e+00	0.000e+00	0.000e+00	0.000e+00	0.000e+00	0.000e+00	0.000e+00	0.000e+00	0.000e+00	
1.042e-02	-1.029e-04	-6.915e-08	1.266e-09	-1.406e-11	7.053e-13	-3.735e-15	5.031e-16	-2.567e-16	-4.163e-16	-1.214e-16	5.551e-17	-1.058e-16	-2.654e-16	8.674e-18	-1.509e-16	2.880e-16	3.643e-17	4.510e-17	2.446e-16	-2.272e-16	-4.788e-16	-3.834e-16	-1.561e-16	-3.990e-17	7.980e-17	-6.783e-16	-4.267e-16	3.001e-16	4.736e-16	3.799e-16	-1.972e-15	-6.141e-16	6.245e-17	2.734e-15	1.953e-15	1.759e-15	7.425e-15	7.723e-15	3.740e-15	-4.005e-14	0.000e+00	0.000e+00	0.000e+00	0.000e+00	0.000e+00	0.000e+00	0.000e+00	0.000e+00	0.000e+00	
1.190e-02	-9.952e-05	-3.832e-07	5.126e-09	-2.182e-11	9.006e-13	5.442e-15	-4.718e-16	-6.592e-17	3.105e-16	9.021e-17	6.765e-17	-4.163e-17	-8.847e-17	6.418e-17	-1.197e-16	4.337e-17	-8.153e-17	-3.782e-16	-5.898e-17	8.500e-17	1.874e-16	3.782e-16	-9.714e-17	3.469e-17	1.110e-16	5.725e-16	2.082e-17	-4.996e-16	-3.816e-17	-1.804e-16	8.396e-16	-2.012e-16	-8.535e-16	3.820e-15	5.308e-16	9.714e-17	6.193e-15	-4.441e-16	2.730e-15	-1.999e-14	6.715e-14	0.000e+00	0.000e+00	0.000e+00	0.000e+00	0.000e+00	0.000e+00	0.000e+00	0.000e+00	
1.235e-02	-9.763e-05	-4.682e-07	5.575e-09	-1.233e-11	4.760e-13	4.542e-15	-5.239e-16	3.123e-16	3.487e-16	1.926e-16	4.163e-17	-1.041e-17	-8.674e-17	4.684e-17	-4.337e-17	1.023e-16	4.337e-17	-1.457e-16	6.939e-17	-1.422e-16	-5.551e-17	2.082e-16	1.804e-16	1.665e-16	-4.649e-16	8.257e-16	-2.706e-16	-2.914e-16	-6.280e-16	-4.857e-16	7.910e-16	4.267e-16	1.249e-16	-2.096e-15	-1.762e-15	-6.176e-16	2.959e-15	4.292e-15	9.673e-15	-1.111e-14	-2.732e-14	-5.613e-14	0.000e+00	0.000e+00	0.000e+00	0.000e+00	0.000e+00	0.000e+00	0.000e+00	
1.136e-02	-1.013e-04	-2.727e-07	4.138e-09	-2.796e-11	1.245e-12	2.394e-15	-1.995e-16	-1.388e-16	1.891e-16	1.006e-16	2.429e-17	-7.112e-17	-1.891e-16	1.145e-16	-2.030e-16	9.888e-17	-7.980e-17	-2.966e-16	-1.561e-16	-3.123e-17	1.284e-16	-1.093e-16	3.383e-16	2.602e-17	6.939e-18	1.353e-16	2.255e-16	-2.359e-16	9.610e-16	-2.463e-16	-2.602e-16	1.464e-15	3.088e-16	3.351e-15	4.552e-15	5.638e-15	-3.227e-15	-7.810e-15	-9.819e-15	-8.847e-16	3.984e-14	3.682e-14	-1.397e-13	0.000e+00	0.000e+00	0.000e+00	0.000e+00	0.000e+00	0.000e+00	
1.020e-02	-1.030e-04	-2.259e-08	4.295e-10	-5.186e-12	2.667e-13	-1.849e-15	3.053e-16	-3.521e-16	-1.041e-17	-2.724e-16	5.204e-18	-2.255e-17	-4.684e-17	1.839e-16	1.093e-16	8.327e-17	2.550e-16	2.637e-16	4.684e-17	-1.579e-16	7.286e-17	-1.700e-16	-1.180e-16	-1.769e-16	-3.678e-16	-5.898e-17	4.111e-16	6.765e-17	-3.990e-17	-6.037e-16	-4.215e-16	-2.845e-16	9.576e-16	1.390e-15	3.102e-15	-1.638e-15	2.581e-15	9.992e-16	-1.306e-14	-2.014e-14	1.198e-14	-5.069e-15	8.859e-14	-9.398e-13	0.000e+00	0.000e+00	0.000e+00	0.000e+00	0.000e+00	
1.064e-02	-1.027e-04	-1.175e-07	2.065e-09	-2.084e-11	1.018e-12	-3.697e-15	5.222e-16	-3.157e-16	-4.111e-16	-2.255e-16	9.194e-17	-1.960e-16	2.429e-17	3.643e-17	-3.469e-18	1.891e-16	4.163e-17	7.112e-17	3.140e-16	-9.368e-17	-9.541e-17	-2.481e-16	-1.561e-16	1.145e-16	-1.266e-16	-1.370e-16	-2.134e-16	1.769e-16	5.378e-17	5.863e-16	-2.220e-16	-4.614e-16	-6.037e-16	-6.176e-16	-4.233e-16	-1.561e-15	4.163e-16	4.472e-15	2.019e-15	-1.546e-14	-2.296e-14	3.140e-15	4.984e-14	-2.736e-13	1.254e-12	0.000e+00	0.000e+00	0.000e+00	0.000e+00	
1.149e-02	-1.009e-04	-2.999e-07	4.421e-09	-2.721e-11	1.190e-12	3.473e-15	-3.227e-16	-7.980e-17	3.313e-16	5.725e-17	-6.592e-17	6.939e-17	-6.418e-17	1.145e-16	-6.418e-17	1.214e-17	6.592e-17	-1.058e-16	-3.608e-16	-4.337e-17	3.851e-16	-1.613e-16	5.725e-17	5.204e-17	-2.914e-16	7.980e-17	8.049e-16	-1.492e-16	6.037e-16	-9.853e-16	8.500e-16	4.788e-16	1.176e-15	1.481e-15	4.528e-15	5.135e-15	9.034e-15	-1.002e-14	-6.287e-15	-1.992e-14	5.480e-14	4.077e-14	-8.355e-14	2.252e-14	-2.021e-13	5.123e-12	0.000e+00	0.000e+00	0.000e+00	
1.266e-02	-9.605e-05	-5.251e-07	5.704e-09	-4.316e-12	1.585e-13	1.945e-15	-2.793e-16	2.047e-16	2.394e-16	3.088e-16	-5.725e-17	-2.012e-16	-1.908e-17	-4.337e-17	7.112e-17	0.000e+00	-6.939e-18	-1.700e-16	9.368e-17	9.714e-17	4.857e-17	2.325e-16	-1.561e-16	-4.857e-17	-1.908e-16	5.412e-16	-4.267e-16	8.327e-17	-4.961e-16	-4.545e-16	-3.192e-16	-9.368e-17	-1.076e-16	-1.769e-16	6.800e-16	8.708e-16	2.508e-15	-2.838e-15	2.460e-15	9.968e-15	8.479e-15	1.391e-15	9.284e-15	7.989e-14	-4.720e-13	1.820e-12	-1.107e-11	0.000e+00	0.000e+00	
1.031e-02	-1.030e-04	-4.564e-08	8.518e-10	-9.877e-12	5.018e-13	-3.027e-15	3.070e-16	1.561e-17	-1.631e-16	-9.021e-17	-2.776e-17	-2.429e-17	-9.888e-17	1.475e-16	2.429e-17	2.238e-16	2.377e-16	1.162e-16	2.342e-16	-1.336e-16	-2.082e-17	-1.041e-16	-3.799e-16	-3.816e-17	-5.551e-16	-1.145e-16	9.714e-17	3.105e-16	-4.458e-16	-5.065e-16	-2.897e-16	-9.697e-16	-5.967e-16	2.272e-15	2.446e-15	6.939e-18	9.454e-15	3.168e-15	7.917e-15	-2.741e-14	-6.922e-15	1.517e-14	9.208e-14	-2.119e-13	9.867e-13	7.932e-13	-4.609e-13	-3.703e-11	0.000e+00	
1.205e-02	-9.895e-05	-4.114e-07	5.307e-09	-1.906e-11	7.704e-13	5.482e-15	-4.979e-16	1.683e-16	2.776e-17	2.168e-16	4.163e-17	1.180e-16	-1.683e-16	-2.030e-16	-3.053e-16	1.041e-17	-1.613e-16	-2.880e-16	-1.561e-16	-5.551e-17	-1.631e-16	3.331e-16	1.249e-16	2.429e-17	3.539e-16	2.949e-16	-1.978e-16	6.939e-17	-5.204e-17	-1.527e-16	6.384e-16	3.816e-17	-1.318e-15	2.665e-15	6.072e-16	6.765e-16	1.877e-15	1.738e-15	1.216e-14	-4.777e-15	1.505e-14	-2.872e-14	-2.463e-14	1.369e-13	-1.548e-13	-2.943e-12	6.378e-13	-2.084e-11	-2.840e-10	

U:
1.000e+00	1.020e+00	1.042e+00	1.064e+00	1.087e+00	1.111e+00	1.136e+00	1.163e+00	1.190e+00	1.220e+00	1.250e+00	1.282e+00	1.316e+00	1.351e+00	1.389e+00	1.429e+00	1.471e+00	1.515e+00	1.562e+00	1.613e+00	1.667e+00	1.724e+00	1.786e+00	1.852e+00	1.923e+00	2.000e+00	2.083e+00	2.174e+00	2.273e+00	2.381e+00	2.500e+00	2.632e+00	2.778e+00	2.941e+00	3.125e+00	3.333e+00	3.571e+00	3.846e+00	4.167e+00	4.545e+00	5.000e+00	5.556e+00	6.250e+00	7.143e+00	8.333e+00	1.000e+01	1.250e+01	1.667e+01	2.500e+01	5.000e+01	
0.000e+00	1.000e+00	2.063e+00	3.193e+00	4.395e+00	5.676e+00	7.041e+00	8.497e+00	1.005e+01	1.171e+01	1.349e+01	1.539e+01	1.743e+01	1.962e+01	2.197e+01	2.450e+01	2.723e+01	3.017e+01	3.335e+01	3.679e+01	4.052e+01	4.458e+01	4.900e+01	5.382e+01	5.910e+01	6.489e+01	7.126e+01	7.829e+01	8.608e+01	9.473e+01	1.044e+02	1.152e+02	1.274e+02	1.412e+02	1.570e+02	1.751e+02	1.960e+02	2.204e+02	2.493e+02	2.838e+02	3.256e+02	3.772e+02	4.423e+02	5.267e+02	6.403e+02	8.003e+02	1.042e+03	1.447e+03	2.260e+03	4.706e+03	
0.000e+00	0.000e+00	1.000e+00	3.147e+00	6.609e+00	1.158e+01	1.827e+01	2.692e+01	3.783e+01	5.131e+01	6.774e+01	8.753e+01	1.112e+02	1.392e+02	1.724e+02	2.113e+02	2.570e+02	3.103e+02	3.726e+02	4.451e+02	5.295e+02	6.278e+02	7.422e+02	8.754e+02	1.031e+03	1.212e+03	1.424e+03	1.672e+03	1.964e+03	2.307e+03	2.713e+03	3.194e+03	3.768e+03	4.455e+03	5.283e+03	6.287e+03	7.514e+03	9.026e+03	1.091e+04	1.329e+04	1.633e+04	2.028e+04	2.554e+04	3.271e+04	4.285e+04	5.786e+04	8.156e+04	1.230e+05	2.094e+05	4.771e+05	
0.000e+00	0.000e+00	0.000e+00	1.000e+00	4.257e+00	1.134e+01	2.418e+01	4.518e+01	7.727e+01	1.240e+02	1.899e+02	2.802e+02	4.014e+02	5.615e+02	7.702e+02	1.039e+03	1.383e+03	1.818e+03	2.367e+03	3.056e+03	3.916e+03	4.987e+03	6.317e+03	7.965e+03	1.001e+04	1.253e+04	1.566e+04	1.953e+04	2.433e+04	3.029e+04	3.771e+04	4.697e+04	5.856e+04	7.314e+04	9.156e+04	1.150e+05	1.449e+05	1.836e+05	2.340e+05	3.004e+05	3.890e+05	5.094e+05	6.761e+05	9.132e+05	1.261e+06	1.796e+06	2.673e+06	4.255e+06	7.651e+06	1.843e+07	
0.000e+00	0.000e+00	0.000e+00	0.000e+00	1.000e+00	5.435e+00	1.775e+01	4.517e+01	9.866e+01	1.943e+02	3.549e+02	6.123e+02	1.010e+03	1.609e+03	2.488e+03	3.756e+03	5.556e+03	8.082e+03	1.159e+04	1.641e+04	2.300e+04	3.195e+04	4.405e+04	6.036e+04	8.228e+04	1.117e+05	1.511e+05	2.039e+05	2.748e+05	3.701e+05	4.983e+05	6.716e+05	9.067e+05	1.227e+06	1.667e+06	2.274e+06	3.121e+06	4.314e+06	6.012e+06	8.468e+06	1.208e+07	1.749e+07	2.581e+07	3.900e+07	6.075e+07	9.847e+07	1.687e+08	3.142e+08	6.740e+08	1.991e+09	
0.000e+00	0.000e+00	0.000e+00	0.000e+00	0.000e+00	1.000e+00	6.610e+00	2.553e+01	7.526e+01	1.876e+02	4.162e+02	8.485e+02	1.621e+03	2.941e+03	5.119e+03	8.614e+03	1.409e+04	2.251e+04	3.523e+04	5.422e+04	8.221e+04	1.231e+05	1.824e+05	2.677e+05	3.899e+05	5.643e+05	8.123e+05	1.164e+06	1.664e+06	2.372e+06	3.377e+06	4.807e+06	6.846e+06	9.765e+06	1.397e+07	2.005e+07	2.893e+07	4.200e+07	6.148e+07	9.088e+07	1.360e+08	2.065e+08	3.196e+08	5.062e+08	8.261e+08	1.403e+09	2.519e+09	4.913e+09	1.104e+10	3.418e+10	
0.000e+00	0.000e+00	0.000e+00	0.000e+00	0.000e+00	0.000e+00	1.000e+00	7.903e+00	3.576e+01	1.217e+02	3.457e+02	8.669e+02	1.981e+03	4.217e+03	8.483e+03	1.630e+04	3.017e+04	5.412e+04	9.456e+04	1.616e+05	2.710e+05	4.473e+05	7.283e+05	1.172e+06	1.869e+06	2.957e+06	4.649e+06	7.272e+06	1.134e+07	1.763e+07	2.739e+07	4.257e+07	6.628e+07	1.035e+08	1.623e+08	2.561e+08	4.073e+08	6.541e+08	1.063e+09	1.754e+09	2.948e+09	5.066e+09	8.952e+09	1.638e+10	3.136e+10	6.374e+10	1.407e+11	3.515e+11	1.078e+12	5.124e+12	
0.000e+00	0.000e+00	0.000e+00	0.000e+00	0.000e+00	0.000e+00	0.000e+00	1.000e+00	8.972e+00	4.609e+01	1.766e+02	5.608e+02	1.560e+03	3.934e+03	9.190e+03	2.020e+04	4.225e+04	8.484e+04	1.646e+05	3.105e+05	5.715e+05	1.030e+06	1.825e+06	3.186e+06	5.491e+06	9.365e+06	1.584e+07	2.659e+07	4.443e+07	7.394e+07	1.228e+08	2.037e+08	3.382e+08	5.627e+08	9.399e+08	1.578e+09	2.671e+09	4.561e+09	7.885e+09	1.383e+10	2.472e+10	4.518e+10	8.494e+10	1.654e+11	3.373e+11	7.306e+11	1.720e+12	4.588e+12	1.505e+13	7.650e+13	
0.000e+00	0.000e+00	0.000e+00	0.000e+00	0.000e+00	0.000e+00	0.000e+00	0.000e+00	1.000e+00	7.866e+00	3.633e+01	1.283e+02	3.818e+02	1.007e+03	2.426e+03	5.448e+03	1.156e+04	2.344e+04	4.571e+04	8.634e+04	1.587e+05	2.849e+05	5.014e+05	8.671e+05	1.478e+06	2.485e+06	4.134e+06	6.812e+06	1.113e+07	1.806e+07	2.913e+07	4.675e+07	7.471e+07	1.189e+08	1.886e+08	2.981e+08	4.693e+08	7.345e+08	1.140e+09	1.743e+09	2.594e+09	3.658e+09	4.538e+09	3.561e+09	-5.341e+09	-4.392e+10	-1.951e+11	-8.197e+11	-3.918e+12	-2.797e+13	
0.000e+00	0.000e+00	0.000e+00	0.000e+00	0.000e+00	0.000e+00	0.000e+00	0.000e+00	0.000e+00	1.000e+00	7.544e+00	3.436e+01	1.208e+02	3.596e+02	9.527e+02	2.312e+03	5.242e+03	1.126e+04	2.313e+04	4.581e+04	8.803e+04	1.649e+05	3.022e+05	5.439e+05	9.639e+05	1.686e+06	2.919e+06	5.009e+06	8.535e+06	1.447e+07	2.444e+07	4.118e+07	6.936e+07	1.169e+08	1.976e+08	3.354e+08	5.726e+08	9.853e+08	1.713e+09	3.016e+09	5.393e+09	9.836e+09	1.838e+10	3.541e+10	7.091e+10	1.495e+11	3.384e+11	8.508e+11	2.551e+12	1.124e+13	
0.000e+00	0.000e+00	0.000e+00	0.000e+00	0.000e+00	0.000e+00	0.000e+00	0.000e+00	0.000e+00	0.000e+00	1.000e+00	7.175e+00	3.204e+01	1.125e+02	3.394e+02	9.203e+02	2.302e+03	5.409e+03	1.208e+04	2.591e+04	5.369e+04	1.082e+05	2.127e+05	4.102e+05	7.778e+05	1.454e+06	2.689e+06	4.926e+06	8.960e+06	1.621e+07	2.924e+07	5.266e+07	9.486e+07	1.712e+08	3.103e+08	5.656e+08	1.039e+09	1.931e+09	3.635e+09	6.957e+09	1.359e+10	2.723e+10	5.631e+10	1.211e+11	2.738e+11	6.612e+11	1.748e+12	5.276e+12	1.978e+13	1.165e+14	
0.000e+00	0.000e+00	0.000e+00	0.000e+00	0.000e+00	0.000e+00	0.000e+00	0.000e+00	0.000e+00	0.000e+00	0.000e+00	1.000e+00	7.532e+00	3.473e+01	1.246e+02	3.825e+02	1.052e+03	2.666e+03	6.336e+03	1.430e+04	3.096e+04	6.473e+04	1.315e+05	2.607e+05	5.064e+05	9.673e+05	1.822e+06	3.392e+06	6.257e+06	1.146e+07	2.089e+07	3.795e+07	6.887e+07	1.251e+08	2.276e+08	4.163e+08	7.667e+08	1.425e+09	2.680e+09	5.119e+09	9.964e+09	1.986e+10	4.077e+10	8.689e+10	1.943e+11	4.627e+11	1.203e+12	3.555e+12	1.299e+13	7.401e+13	
0.000e+00	0.000e+00	0.000e+00	0.000e+00	0.000e+00	0.000e+00	0.000e+00	0.000e+00	0.000e+00	0.000e+00	0.000e+00	0.000e+00	1.000e+00	7.390e+00	3.465e+01	1.275e+02	4.005e+02	1.124e+03	2.899e+03	6.997e+03	1.602e+04	3.515e+04	7.442e+04	1.530e+05	3.071e+05	6.040e+05	1.168e+06	2.228e+06	4.203e+06	7.861e+06	1.461e+07	2.704e+07	4.995e+07	9.226e+07	1.708e+08	3.175e+08	5.941e+08	1.122e+09	2.146e+09	4.166e+09	8.250e+09	1.674e+10	3.501e+10	7.612e+10	1.739e+11	4.242e+11	1.132e+12	3.449e+12	1.306e+13	7.764e+13	
0.000e+00	0.000e+00	0.000e+00	0.000e+00	0.000e+00	0.000e+00	0.000e+00	0.000e+00	0.000e+00	0.000e+00	0.000e+00	0.000e+00	0.000e+00	1.000e+00	7.778e+00	3.592e+01	1.293e+02	3.973e+02	1.093e+03	2.770e+03	6.586e+03	1.488e+04	3.228e+04	6.768e+04	1.380e+05	2.750e+05	5.375e+05	1.034e+06	1.965e+06	3.694e+06	6.892e+06	1.279e+07	2.365e+07	4.369e+07	8.076e+07	1.498e+08	2.792e+08	5.247e+08	9.964e+08	1.919e+09	3.761e+09	7.537e+09	1.553e+10	3.317e+10	7.418e+10	1.763e+11	4.558e+11	1.335e+12	4.804e+12	2.675e+13	
0.000e+00	0.000e+00	0.000e+00	0.000e+00	0.000e+00	0.000e+00	0.000e+00	0.000e+00	0.000e+00	0.000e+00	0.000e+00	0.000e+00	0.000e+00	0.000e+00	1.000e+00	6.991e+00	3.063e+01	1.061e+02	3.175e+02	8.568e+02	2.142e+03	5.044e+03	1.133e+04	2.451e+04	5.139e+04	1.050e+05	2.102e+05	4.136e+05	8.024e+05	1.540e+06	2.931e+06	5.545e+06	1.045e+07	1.968e+07	3.709e+07	7.011e+07	1.333e+08	2.554e+08	4.949e+08	9.729e+08	1.948e+09	3.989e+09	8.408e+09	1.838e+10	4.212e+10	1.027e+11	2.728e+11	8.223e+11	3.053e+12	1.760e+13	
0.000e+00	0.000e+00	0.000e+00	0.000e+00	0.000e+00	0.000e+00	0.000e+00	0.000e+00	0.000e+00	0.000e+00	0.000e+00	0.000e+00	0.000e+00	0.000e+00	0.000e+00	1.000e+00	6.790e+00	2.927e+01	1.004e+02	2.984e+02	8.034e+02	2.010e+03	4.751e+03	1.074e+04	2.345e+04	4.972e+04	1.030e+05	2.094e+05	4.195e+05	8.308e+05	1.631e+06	3.184e+06	6.196e+06	1.205e+07	2.347e+07	4.591e+07	9.045e+07	1.800e+08	3.628e+08	7.439e+08	1.558e+09	3.348e+09	7.438e+09	1.722e+10	4.203e+10	1.099e+11	3.159e+11	1.041e+12	4.290e+12	2.796e+13	
0.000e+00	0.000e+00	0.000e+00	0.000e+00	0.000e+00	0.000e+00	0.000e+00	0.000e+00	0.000e+00	0.000e+00	0.000e+00	0.000e+00	0.000e+00	0.000e+00	0.000e+00	0.000e+00	1.000e+00	6.698e+00	2.967e+01	1.048e+02	3.215e+02	8.930e+02	2.306e+03	5.630e+03	1.315e+04	2.966e+04	6.503e+04	1.393e+05	2.932e+05	6.080e+05	1.247e+06	2.537e+06	5.136e+06	1.037e+07	2.095e+07	4.243e+07	8.643e+07	1.776e+08	3.692e+08	7.796e+08	1.679e+09	3.708e+09	8.450e+09	2.004e+10	5.002e+10	1.336e+11	3.911e+11	1.311e+12	5.473e+12	3.603e+13	
0.000e+00	0.000e+00	0.000e+00	0.000e+00	0.000e+00	0.000e+00	0.000e+00	0.000e+00	0.000e+00	0.000e+00	0.000e+00	0.000e+00	0.000e+00	0.000e+00	0.000e+00	0.000e+00	0.000e+00	1.000e+00	5.605e+00	2.208e+01	7.187e+01	2.050e+02	5.322e+02	1.287e+03	2.942e+03	6.434e+03	1.358e+04	2.787e+04	5.590e+04	1.102e+05	2.147e+05	4.150e+05	7.998e+05	1.545e+06	3.007e+06	5.936e+06	1.196e+07	2.475e+07	5.304e+07	1.184e+08	2.773e+08	6.854e+08	1.799e+09	5.051e+09	1.534e+10	5.120e+10	1.929e+11	8.601e+11	4.996e+12	4.889e+13	
0.000e+00	0.000e+00	0.000e+00	0.000e+00	0.000e+00	0.000e+00	0.000e+00	0.000e+00	0.000e+00	0.000e+00	0.000e+00	0.000e+00	0.000e+00	0.000e+00	0.000e+00	0.000e+00	0.000e+00	0.000e+00	1.000e+00	6.713e+00	2.979e+01	1.071e+02	3.368e+02	9.637e+02	2.569e+03	6.480e+03	1.565e+04	3.648e+04	8.264e+04	1.830e+05	3.978e+05	8.524e+05	1.807e+06	3.800e+06	7.958e+06	1.664e+07	3.483e+07	7.324e+07	1.552e+08	3.325e+08	7.234e+08	1.605e+09	3.654e+09	8.591e+09	2.106e+10	5.451e+10	1.517e+11	4.678e+11	1.686e+12	8.117e+12	
0.000e+00	0.000e+00	0.000e+00	0.000e+00	0.000e+00	0.000e+00	0.000e+00	0.000e+00	0.000e+00	0.000e+00	0.000e+00	0.000e+00	0.000e+00	0.000e+00	0.000e+00	0.000e+00	0.000e+00	0.000e+00	0.000e+00	1.000e+00	7.083e+00	3.267e+01	1.197e+02	3.792e+02	1.085e+03	2.881e+03	7.216e+03	1.726e+04	3.980e+04	8.909e+04	1.948e+05	4.178e+05	8.829e+05	1.845e+06	3.826e+06	7.893e+06	1.625e+07	3.350e+07	6.931e+07	1.444e+08	3.038e+08	6.475e+08	1.403e+09	3.097e+09	6.977e+09	1.597e+10	3.624e+10	7.174e+10	-1.325e+10	-3.547e+12	
0.000e+00	0.000e+00	0.000e+00	0.000e+00	0.000e+00	0.000e+00	0.000e+00	0.000e+00	0.000e+00	0.000e+00	0.000e+00	0.000e+00	0.000e+00	0.000e+00	0.000e+00	0.000e+00	0.000e+00	0.000e+00	0.000e+00	0.000e+00	1.000e+00	6.033e+00	2.504e+01	8.708e+01	2.708e+02	7.785e+02	2.114e+03	5.494e+03	1.381e+04	3.377e+04	8.091e+04	1.907e+05	4.441e+05	1.026e+06	2.358e+06	5.415e+06	1.246e+07	2.886e+07	6.751e+07	1.602e+08	3.879e+08	9.641e+08	2.479e+09	6.660e+09	1.896e+10	5.830e+10	1.995e+11	7.988e+11	4.127e+12	3.564e+13	
0.000e+00	0.000e+00	0.000e+00	0.000e+00	0.000e+00	0.000e+00	0.000e+00	0.000e+00	0.000e+00	0.000e+00	0.000e+00	0.000e+00	0.000e+00	0.000e+00	0.000e+00	0.000e+00	0.000e+00	0.000e+00	0.000e+00	0.000e+00	0.000e+00	1.000e+00	6.632e+00	2.919e+01	1.035e+02	3.201e+02	8.998e+02	2.354e+03	5.822e+03	1.377e+04	3.140e+04	6.946e+04	1.497e+05	3.155e+05	6.511e+05	1.317e+06	2.609e+06	5.033e+06	9.356e+06	1.633e+07	2.494e+07	2.470e+07	-3.536e+07	-3.702e+08	-1.869e+09	-8.366e+09	-3.803e+10	-1.917e+11	-1.204e+12	-1.231e+13	
0.000e+00	0.000e+00	0.000e+00	0.000e+00	0.000e+00	0.000e+00	0.000e+00	0.000e+00	0.000e+00	0.000e+00	0.000e+00	0.000e+00	0.000e+00	0.000e+00	0.000e+00	0.000e+00	0.000e+00	0.000e+00	0.000e+00	0.000e+00	0.000e+00	0.000e+00	1.000e+00	7.038e+00	3.227e+01	1.192e+02	3.837e+02	1.125e+03	3.078e+03	7.992e+03	1.994e+04	4.821e+04	1.138e+05	2.639e+05	6.038e+05	1.370e+06	3.092e+06	6.976e+06	1.579e+07	3.597e+07	8.286e+07	1.938e+08	4.625e+08	1.132e+09	2.859e+09	7.490e+09	2.039e+10	5.670e+10	1.376e+11	-4.511e+11	
0.000e+00	0.000e+00	0.000e+00	0.000e+00	0.000e+00	0.000e+00	0.000e+00	0.000e+00	0.000e+00	0.000e+00	0.000e+00	0.000e+00	0.000e+00	0.000e+00	0.000e+00	0.000e+00	0.000e+00	0.000e+00	0.000e+00	0.000e+00	0.000e+00	0.000e+00	0.000e+00	1.000e+00	7.520e+00	3.637e+01	1.410e+02	4.768e+02	1.467e+03	4.215e+03	1.149e+04	3.011e+04	7.651e+04	1.899e+05	4.634e+05	1.118e+06	2.677e+06	6.401e+06	1.535e+07	3.708e+07	9.078e+07	2.266e+08	5.814e+08	1.547e+09	4.326e+09	1.294e+10	4.260e+10	1.618e+11	7.794e+11	6.140e+12	
0.000e+00	0.000e+00	0.000e+00	0.000e+00	0.000e+00	0.000e+00	0.000e+00	0.000e+00	0.000e+00	0.000e+00	0.000e+00	0.000e+00	0.000e+00	0.000e+00	0.000e+00	0.000e+00	0.000e+00	0.000e+00	0.000e+00	0.000e+00	0.000e+00	0.000e+00	0.000e+00	0.000e+00	1.000e+00	9.244e+00	5.084e+01	2.167e+02	7.915e+02	2.600e+03	7.917e+03	2.277e+04	6.276e+04	1.674e+05	4.363e+05	1.118e+06	2.835e+06	7.158e+06	1.809e+07	4.605e+07	1.188e+08	3.126e+08	8.467e+08	2.384e+09	7.074e+09	2.255e+10	7.940e+10	3.241e+11	1.682e+12	1.421e+13	
0.000e+00	0.000e+00	0.000e+00	0.000e+00	0.000e+00	0.000e+00	0.000e+00	0.000e+00	0.000e+00	0.000e+00	0.000e+00	0.000e+00	0.000e+00	0.000e+00	0.000e+00	0.000e+00	0.000e+00	0.000e+00	0.000e+00	0.000e+00	0.000e+00	0.000e+00	0.000e+00	0.000e+00	0.000e+00	1.000e+00	8.438e+00	4.393e+01	1.817e+02	6.519e+02	2.123e+03	6.449e+03	1.860e+04	5.167e+04	1.395e+05	3.694e+05	9.660e+05	2.511e+06	6.528e+06	1.708e+07	4.527e+07	1.225e+08	3.411e+08	9.886e+08	3.024e+09	9.954e+09	3.632e+10	1.543e+11	8.400e+11	7.552e+12	
0.000e+00	0.000e+00	0.000e+00	0.000e+00	0.000e+00	0.000e+00	0.000e+00	0.000e+00	0.000e+00	0.000e+00	0.000e+00	0.000e+00	0.000e+00	0.000e+00	0.000e+00	0.000e+00	0.000e+00	0.000e+00	0.000e+00	0.000e+00	0.000e+00	0.000e+00	0.000e+00	0.000e+00	0.000e+00	0.000e+00	1.000e+00	7.830e+00	4.010e+01	1.656e+02	5.984e+02	1.973e+03	6.096e+03	1.797e+04	5.115e+04	1.421e+05	3.887e+05	1.054e+06	2.853e+06	7.764e+06	2.138e+07	6.008e+07	1.738e+08	5.231e+08	1.663e+09	5.700e+09	2.170e+10	9.648e+10	5.528e+11	5.289e+12	
0.000e+00	0.000e+00	0.000e+00	0.000e+00	0.000e+00	0.000e+00	0.000e+00	0.000e+00	0.000e+00	0.000e+00	0.000e+00	0.000e+00	0.000e+00	0.000e+00	0.000e+00	0.000e+00	0.000e+00	0.000e+00	0.000e+00	0.000e+00	0.000e+00	0.000e+00	0.000e+00	0.000e+00	0.000e+00	0.000e+00	0.000e+00	1.000e+00	9.015e+00	4.920e+01	2.119e+02	7.883e+02	2.657e+03	8.346e+03	2.490e+04	7.157e+04	2.002e+05	5.498e+05	1.494e+06	4.040e+06	1.095e+07	2.996e+07	8.325e+07	2.368e+08	6.958e+08	2.133e+09	6.903e+09	2.380e+10	8.533e+10	1.702e+11	
0.000e+00	0.000e+00	0.000e+00	0.000e+00	0.000e+00	0.000e+00	0.000e+00	0.000e+00	0.000e+00	0.000e+00	0.000e+00	0.000e+00	0.000e+00	0.000e+00	0.000e+00	0.000e+00	0.000e+00	0.000e+00	0.000e+00	0.000e+00	0.000e+00	0.000e+00	0.000e+00	0.000e+00	0.000e+00	0.000e+00	0.000e+00	0.000e+00	1.000e+00	8.824e+00	4.940e+01	2.202e+02	8.545e+02	3.022e+03	1.001e+04	3.169e+04	9.716e+04	2.918e+05	8.671e+05	2.571e+06	7.675e+06	2.327e+07	7.242e+07	2.341e+08	7.983e+08	2.934e+09	1.199e+10	5.738e+10	3.554e+11	3.700e+12	
0.000e+00	0.000e+00	0.000e+00	0.000e+00	0.000e+00	0.000e+00	0.000e+00	0.000e+00	0.000e+00	0.000e+00	0.000e+00	0.000e+00	0.000e+00	0.000e+00	0.000e+00	0.000e+00	0.000e+00	0.000e+00	0.000e+00	0.000e+00	0.000e+00	0.000e+00	0.000e+00	0.000e+00	0.000e+00	0.000e+00	0.000e+00	0.000e+00	0.000e+00	1.000e+00	8.580e+00	4.789e+01	2.155e+02	8.484e+02	3.048e+03	1.026e+04	3.294e+04	1.023e+05	3.108e+05	9.321e+05	2.785e+06	8.367e+06	2.550e+07	7.973e+07	2.591e+08	8.915e+08	3.334e+09	1.418e+10	7.491e+10	6.299e+11	
0.000e+00	0.000e+00	0.000e+00	0.000e+00	0.000e+00	0.000e+00	0.000e+00	0.000e+00	0.000e+00	0.000e+00	0.000e+00	0.000e+00	0.000e+00	0.000e+00	0.000e+00	0.000e+00	0.000e+00	0.000e+00	0.000e+00	0.000e+00	0.000e+00	0.000e+00	0.000e+00	0.000e+00	0.000e+00	0.000e+00	0.000e+00	0.000e+00	0.000e+00	0.000e+00	1.000e+00	1.007e+01	6.267e+01	3.079e+02	1.311e+03	5.089e+03	1.854e+04	6.475e+04	2.202e+05	7.385e+05	2.472e+06	8.348e+06	2.880e+07	1.028e+08	3.866e+08	1.565e+09	7.044e+09	3.721e+10	2.553e+11	2.966e+12	
0.000e+00	0.000e+00	0.000e+00	0.000e+00	0.000e+00	0.000e+00	0.000e+00	0.000e+00	0.000e+00	0.000e+00	0.000e+00	0.000e+00	0.000e+00	0.000e+00	0.000e+00	0.000e+00	0.000e+00	0.000e+00	0.000e+00	0.000e+00	0.000e+00	0.000e+00	0.000e+00	0.000e+00	0.000e+00	0.000e+00	0.000e+00	0.000e+00	0.000e+00	0.000e+00	0.000e+00	1.000e+00	9.669e+00	5.900e+01	2.869e+02	1.221e+03	4.767e+03	1.760e+04	6.266e+04	2.187e+05	7.581e+05	2.643e+06	9.390e+06	3.448e+07	1.332e+08	5.535e+08	2.561e+09	1.392e+10	9.863e+10	1.189e+12	
0.000e+00	0.000e+00	0.000e+00	0.000e+00	0.000e+00	0.000e+00	0.000e+00	0.000e+00	0.000e+00	0.000e+00	0.000e+00	0.000e+00	0.000e+00	0.000e+00	0.000e+00	0.000e+00	0.000e+00	0.000e+00	0.000e+00	0.000e+00	0.000e+00	0.000e+00	0.000e+00	0.000e+00	0.000e+00	0.000e+00	0.000e+00	0.000e+00	0.000e+00	0.000e+00	0.000e+00	0.000e+00	1.000e+00	9.902e+00	6.136e+01	3.041e+02	1.319e+03	5.251e+03	1.979e+04	7.213e+04	2.585e+05	9.240e+05	3.343e+06	1.242e+07	4.828e+07	2.006e+08	9.202e+08	4.910e+09	3.362e+10	3.823e+11	
0.000e+00	0.000e+00	0.000e+00	0.000e+00	0.000e+00	0.000e+00	0.000e+00	0.000e+00	0.000e+00	0.000e+00	0.000e+00	0.000e+00	0.000e+00	0.000e+00	0.000e+00	0.000e+00	0.000e+00	0.000e+00	0.000e+00	0.000e+00	0.000e+00	0.000e+00	0.000e+00	0.000e+00	0.000e+00	0.000e+00	0.000e+00	0.000e+00	0.000e+00	0.000e+00	0.000e+00	0.000e+00	0.000e+00	1.000e+00	1.211e+01	8.830e+01	5.028e+02	2.470e+03	1.104e+04	4.641e+04	1.882e+05	7.504e+05	2.995e+06	1.219e+07	5.154e+07	2.325e+08	1.158e+09	6.732e+09	5.076e+10	6.493e+11	
0.000e+00	0.000e+00	0.000e+00	0.000e+00	0.000e+00	0.000e+00	0.000e+00	0.000e+00	0.000e+00	0.000e+00	0.000e+00	0.000e+00	0.000e+00	0.000e+00	0.000e+00	0.000e+00	0.000e+00	0.000e+00	0.000e+00	0.000e+00	0.000e+00	0.000e+00	0.000e+00	0.000e+00	0.000e+00	0.000e+00	0.000e+00	0.000e+00	0.000e+00	0.000e+00	0.000e+00	0.000e+00	0.000e+00	0.000e+00	1.000e+00	1.175e+01	8.480e+01	4.830e+02	2.395e+03	1.089e+04	4.698e+04	1.971e+05	8.204e+05	3.457e+06	1.505e+07	6.950e+07	3.520e+08	2.065e+09	1.551e+10	1.938e+11	
0.000e+00	0.000e+00	0.000e+00	0.000e+00	0.000e+00	0.000e+00	0.000e+00	0.000e+00	0.000e+00	0.000e+00	0.000e+00	0.000e+00	0.000e+00	0.000e+00	0.000e+00	0.000e+00	0.000e+00	0.000e+00	0.000e+00	0.000e+00	0.000e+00	0.000e+00	0.000e+00	0.000e+00	0.000e+00	0.000e+00	0.000e+00	0.000e+00	0.000e+00	0.000e+00	0.000e+00	0.000e+00	0.000e+00	0.000e+00	0.000e+00	1.000e+00	1.100e+01	7.779e+01	4.450e+02	2.257e+03	1.066e+04	4.851e+04	2.179e+05	9.887e+05	4.639e+06	2.314e+07	1.273e+08	8.186e+08	6.850e+09	9.789e+10	
0.000e+00	0.000e+00	0.000e+00	0.000e+00	0.000e+00	0.000e+00	0.000e+00	0.000e+00	0.000e+00	0.000e+00	0.000e+00	0.000e+00	0.000e+00	0.000e+00	0.000e+00	0.000e+00	0.000e+00	0.000e+00	0.000e+00	0.000e+00	0.000e+00	0.000e+00	0.000e+00	0.000e+00	0.000e+00	0.000e+00	0.000e+00	0.000e+00	0.000e+00	0.000e+00	0.000e+00	0.000e+00	0.000e+00	0.000e+00	0.000e+00	0.000e+00	1.000e+00	1.002e+01	6.558e+01	3.519e+02	1.690e+03	7.632e+03	3.355e+04	1.478e+05	6.715e+05	3.254e+06	1.755e+07	1.124e+08	9.564e+08	1.425e+10	
0.000e+00	0.000e+00	0.000e+00	0.000e+00	0.000e+00	0.000e+00	0.000e+00	0.000e+00	0.000e+00	0.000e+00	0.000e+00	0.000e+00	0.000e+00	0.000e+00	0.000e+00	0.000e+00	0.000e+00	0.000e+00	0.000e+00	0.000e+00	0.000e+00	0.000e+00	0.000e+00	0.000e+00	0.000e+00	0.000e+00	0.000e+00	0.000e+00	0.000e+00	0.000e+00	0.000e+00	0.000e+00	0.000e+00	0.000e+00	0.000e+00	0.000e+00	0.000e+00	1.000e+00	1.304e+01	1.051e+02	6.800e+02	3.906e+03	2.101e+04	1.098e+05	5.755e+05	3.117e+06	1.809e+07	1.185e+08	9.628e+08	1.227e+10	
0.000e+00	0.000e+00	0.000e+00	0.000e+00	0.000e+00	0.000e+00	0.000e+00	0.000e+00	0.000e+00	0.000e+00	0.000e+00	0.000e+00	0.000e+00	0.000e+00	0.000e+00	0.000e+00	0.000e+00	0.000e+00	0.000e+00	0.000e+00	0.000e+00	0.000e+00	0.000e+00	0.000e+00	0.000e+00	0.000e+00	0.000e+00	0.000e+00	0.000e+00	0.000e+00	0.000e+00	0.000e+00	0.000e+00	0.000e+00	0.000e+00	0.000e+00	0.000e+00	0.000e+00	1.000e+00	1.468e+01	1.350e+02	1.001e+03	6.628e+03	4.157e+04	2.581e+05	1.653e+06	1.142e+07	9.082e+07	9.289e+08	1.608e+10	
0.000e+00	0.000e+00	0.000e+00	0.000e+00	0.000e+00	0.000e+00	0.000e+00	0.000e+00	0.000e+00	0.000e+00	0.000e+00	0.000e+00	0.000e+00	0.000e+00	0.000e+00	0.000e+00	0.000e+00	0.000e+00	0.000e+00	0.000e+00	0.000e+00	0.000e+00	0.000e+00	0.000e+00	0.000e+00	0.000e+00	0.000e+00	0.000e+00	0.000e+00	0.000e+00	0.000e+00	0.000e+00	0.000e+00	0.000e+00	0.000e+00	0.000e+00	0.000e+00	0.000e+00	0.000e+00	1.000e+00	1.482e+01	1.429e+02	1.143e+03	8.379e+03	5.977e+04	4.355e+05	3.410e+06	3.070e+07	3.567e+08	7.079e+09	
0.000e+00	0.000e+00	0.000e+00	0.000e+00	0.000e+00	0.000e+00	0.000e+00	0.000e+00	0.000e+00	0.000e+00	0.000e+00	0.000e+00	0.000e+00	0.000e+00	0.000e+00	0.000e+00	0.000e+00	0.000e+00	0.000e+00	0.000e+00	0.000e+00	0.000e+00	0.000e+00	0.000e+00	0.000e+00	0.000e+00	0.000e+00	0.000e+00	0.000e+00	0.000e+00	0.000e+00	0.000e+00	0.000e+00	0.000e+00	0.000e+00	0.000e+00	0.000e+00	0.000e+00	0.000e+00	0.000e+00	1.000e+00	1.642e+01	1.691e+02	1.424e+03	1.096e+04	8.257e+04	6.480e+05	5.692e+06	6.276e+07	1.142e+09	
0.000e+00	0.000e+00	0.000e+00	0.000e+00	0.000e+00	0.000e+00	0.000e+00	0.000e+00	0.000e+00	0.000e+00	0.000e+00	0.000e+00	0.000e+00	0.000e+00	0.000e+00	0.000e+00	0.000e+00	0.000e+00	0.000e+00	0.000e+00	0.000e+00	0.000e+00	0.000e+00	0.000e+00	0.000e+00	0.000e+00	0.000e+00	0.000e+00	0.000e+00	0.000e+00	0.000e+00	0.000e+00	0.000e+00	0.000e+00	0.000e+00	0.000e+00	0.000e+00	0.000e+00	0.000e+00	0.000e+00	0.000e+00	1.000e+00	2.039e+01	2.601e+02	2.727e+03	2.658e+04	2.622e+05	2.857e+06	3.905e+07	8.933e+08	
0.000e+00	0.000e+00	0.000e+00	0.000e+00	0.000e+00	0.000e+00	0.000e+00	0.000e+00	0.000e+00	0.000e+00	0.000e+00	0.000e+00	0.000e+00	0.000e+00	0.000e+00	0.000e+00	0.000e+00	0.000e+00	0.000e+00	0.000e+00	0.000e+00	0.000e+00	0.000e+00	0.000e+00	0.000e+00	0.000e+00	0.000e+00	0.000e+00	0.000e+00	0.000e+00	0.000e+00	0.000e+00	0.000e+00	0.000e+00	0.000e+00	0.000e+00	0.000e+00	0.000e+00	0.000e+00	0.000e+00	0.000e+00	0.000e+00	1.000e+00	2.246e+01	3.097e+02	3.501e+03	3.710e+04	4.088e+05	5.327e+06	1.080e+08	
0.000e+00	0.000e+00	0.000e+00	0.000e+00	0.000e+00	0.000e+00	0.000e+00	0.000e+00	0.000e+00	0.000e+00	0.000e+00	0.000e+00	0.000e+00	0.000e+00	0.000e+00	0.000e+00	0.000e+00	0.000e+00	0.000e+00	0.000e+00	0.000e+00	0.000e+00	0.000e+00	0.000e+00	0.000e+00	0.000e+00	0.000e+00	0.000e+00	0.000e+00	0.000e+00	0.000e+00	0.000e+00	0.000e+00	0.000e+00	0.000e+00	0.000e+00	0.000e+00	0.000e+00	0.000e+00	0.000e+00	0.000e+00	0.000e+00	0.000e+00	1.000e+00	2.702e+01	4.709e+02	7.138e+03	1.103e+05	2.043e+06	6.170e+07	
0.000e+00	0.000e+00	0.000e+00	0.000e+00	0.000e+00	0.000e+00	0.000e+00	0.000e+00	0.000e+00	0.000e+00	0.000e+00	0.000e+00	0.000e+00	0.000e+00	0.000e+00	0.000e+00	0.000e+00	0.000e+00	0.000e+00	0.000e+00	0.000e+00	0.000e+00	0.000e+00	0.000e+00	0.000e+00	0.000e+00	0.000e+00	0.000e+00	0.000e+00	0.000e+00	0.000e+00	0.000e+00	0.000e+00	0.000e+00	0.000e+00	0.000e+00	0.000e+00	0.000e+00	0.000e+00	0.000e+00	0.000e+00	0.000e+00	0.000e+00	0.000e+00	1.000e+00	3.204e+01	6.722e+02	1.280e+04	2.734e+05	9.104e+06	
0.000e+00	0.000e+00	0.000e+00	0.000e+00	0.000e+00	0.000e+00	0.000e+00	0.000e+00	0.000e+00	0.000e+00	0.000e+00	0.000e+00	0.000e+00	0.000e+00	0.000e+00	0.000e+00	0.000e+00	0.000e+00	0.000e+00	0.000e+00	0.000e+00	0.000e+00	0.000e+00	0.000e+00	0.000e+00	0.000e+00	0.000e+00	0.000e+00	0.000e+00	0.000e+00	0.000e+00	0.000e+00	0.000e+00	0.000e+00	0.000e+00	0.000e+00	0.000e+00	0.000e+00	0.000e+00	0.000e+00	0.000e+00	0.000e+00	0.000e+00	0.000e+00	0.000e+00	1.000e+00	3.631e+01	9.088e+02	2.281e+04	8.339e+05	
0.000e+00	0.000e+00	0.000e+00	0.000e+00	0.000e+00	0.000e+00	0.000e+00	0.000e+00	0.000e+00	0.000e+00	0.000e+00	0.000e+00	0.000e+00	0.000e+00	0.000e+00	0.000e+00	0.000e+00	0.000e+00	0.000e+00	0.000e+00	0.000e+00	0.000e+00	0.000e+00	0.000e+00	0.000e+00	0.000e+00	0.000e+00	0.000e+00	0.000e+00	0.000e+00	0.000e+00	0.000e+00	0.000e+00	0.000e+00	0.000e+00	0.000e+00	0.000e+00	0.000e+00	0.000e+00	0.000e+00	0.000e+00	0.000e+00	0.000e+00	0.000e+00	0.000e+00	0.000e+00	1.000e+00	5.397e+01	2.239e+03	1.240e+05	
0.000e+00	0.000e+00	0.000e+00	0.000e+00	0.000e+00	0.000e+00	0.000e+00	0.000e+00	0.000e+00	0.000e+00	0.000e+00	0.000e+00	0.000e+00	0.000e+00	0.000e+00	0.000e+00	0.000e+00	0.000e+00	0.000e+00	0.000e+00	0.000e+00	0.000e+00	0.000e+00	0.000e+00	0.000e+00	0.000e+00	0.000e+00	0.000e+00	0.000e+00	0.000e+00	0.000e+00	0.000e+00	0.000e+00	0.000e+00	0.000e+00	0.000e+00	0.000e+00	0.000e+00	0.000e+00	0.000e+00	0.000e+00	0.000e+00	0.000e+00	0.000e+00	0.000e+00	0.000e+00	0.000e+00	1.000e+00	7.207e+01	5.310e+03	
0.000e+00	0.000e+00	0.000e+00	0.000e+00	0.000e+00	0.000e+00	0.000e+00	0.000e+00	0.000e+00	0.000e+00	0.000e+00	0.000e+00	0.000e+00	0.000e+00	0.000e+00	0.000e+00	0.000e+00	0.000e+00	0.000e+00	0.000e+00	0.000e+00	0.000e+00	0.000e+00	0.000e+00	0.000e+00	0.000e+00	0.000e+00	0.000e+00	0.000e+00	0.000e+00	0.000e+00	0.000e+00	0.000e+00	0.000e+00	0.000e+00	0.000e+00	0.000e+00	0.000e+00	0.000e+00	0.000e+00	0.000e+00	0.000e+00	0.000e+00	0.000e+00	0.000e+00	0.000e+00	0.000e+00	0.000e+00	1.000e+00	1.204e+02	
0.000e+00	0.000e+00	0.000e+00	0.000e+00	0.000e+00	0.000e+00	0.000e+00	0.000e+00	0.000e+00	0.000e+00	0.000e+00	0.000e+00	0.000e+00	0.000e+00	0.000e+00	0.000e+00	0.000e+00	0.000e+00	0.000e+00	0.000e+00	0.000e+00	0.000e+00	0.000e+00	0.000e+00	0.000e+00	0.000e+00	0.000e+00	0.000e+00	0.000e+00	0.000e+00	0.000e+00	0.000e+00	0.000e+00	0.000e+00	0.000e+00	0.000e+00	0.000e+00	0.000e+00	0.000e+00	0.000e+00	0.000e+00	0.000e+00	0.000e+00	0.000e+00	0.000e+00	0.000e+00	0.000e+00	0.000e+00	0.000e+00	1.000e+00	

Solution:
1.000
-273.343
-90.351
231.609
0.981
405.391
1.000
65.181
1.063
424.609
14.122
42.556
235.414
311.053
-50.091
83.619
-209.436
0.997
-136.457
316.842
-70.739
168.960
-46.174
108.026
1.024
13.145
-180.279
-21.203
81.044
79.889
-451.475
53.644
-119.010
206.125
-641.625
-143.399
-594.766
0.577
-288.531
7.135
-809.762
-1094.133
326.553
666.375
480.980
92.079
440.156
24.242
272.013
113.367
